a1=[0,249,249;0,0,249;1,1,1];
b1=[125,249,249;124,0,249;1,1,1];
t1=a1*inv(b1)

a2=[499,250,250;0,0,249;1,1,1];
b2=[374,250,250;124,0,249;1,1,1];
t2=a2*inv(b2)

a3=[499,499,250;0,249,249;1,1,1];
b3=[375,499,250;125,249,249;1,1,1];
t3=a3*inv(b3)

a4=[499,499,250;499,250,250;1,1,1];
b4=[375,499,250;374,250,250;1,1,1];
t4=a4*inv(b4)

a5=[499,250,250;499,499,250;1,1,1];
b5=[374,250,250;375,499,250;1,1,1];
t5=a5*inv(b5)

a6=[0,249,249;499,250,499;1,1,1];
b6=[125,249,249;375,250,499;1,1,1];
t6=a6*inv(b6)

a7=[0,0,249;499,250,250;1,1,1];
b7=[124,0,249;374,250,250;1,1,1];
t7=a7*inv(b7)

a8=[0,249,0;0,249,249;1,1,1];
b8=[124,249,0;125,249,249;1,1,1];
t8=a8*inv(b8)
